PCBNEW-LibModule-V1   00/00/0000-00:00:00
$INDEX
OSHWLOGO_0.3
OSHWLOGO_TOP_0.2
OSHWLOGO_TOL_0.2
$EndINDEX
$MODULE OSHWLOGO_0.3
Po 0 0 0 15 00000000 00000000 ~~
Li OSHWLOGO_0.3
Sc 00000000
Op 0 0 0
T0 0 0 0 0 0 0 N I 25 "ref**"
T1 0 0 0 0 0 0 N I 26 "val**"
DS 300 -200 300 -600 160 25
DA 0 -600 300 -600 -900 160 25
DA 0 -600 0 -900 -900 160 25
DS -300 -600 -300 -500 160 25
DA 380 680 500 680 900 50 25
DS 380 800 -400 800 50 25
DA -400 700 -400 800 900 50 25
DS -500 700 -500 -100 50 25
DA -400 -100 -500 -100 900 50 25
DS -400 -200 380 -200 50 25
DA 379 -79 380 -200 900 50 25
DS 500 -80 500 680 50 25
DC 0 0 1300 0 240 25
$EndMODULE OSHWLOGO_0.3
$MODULE OSHWLOGO_TOP_0.2
Po 0 0 0 15 00000000 00000000 ~~
Li OSHWLOGO_TOP_0.2
Sc 00000000
Op 0 0 0
T0 0 0 0 0 0 0 N I 25 "ref**"
T1 0 0 0 0 0 0 N I 26 "val**"
DA 0 0 263 635 -95 100 25
DS 364 583 615 787 100 25
DS 615 787 787 615 100 25
DS 787 615 583 364 100 25
DA 0 0 583 364 -190 100 25
DS 669 154 992 121 100 25
DS 992 121 992 -121 100 25
DS 992 -121 669 -154 100 25
DA 0 0 669 -154 -190 100 25
DS 583 -364 787 -615 100 25
DS 787 -615 615 -787 100 25
DS 615 -787 364 -583 100 25
DA 0 0 364 -583 -190 100 25
DS 154 -669 121 -992 100 25
DS 121 -992 -121 -992 100 25
DS -121 -992 -154 -669 100 25
DA 0 0 -154 -669 -190 100 25
DS -364 -583 -615 -787 100 25
DS -615 -787 -787 -615 100 25
DS -787 -615 -583 -364 100 25
DA 0 0 -583 -364 -190 100 25
DS -669 -154 -992 -121 100 25
DS -992 -121 -992 121 100 25
DS -992 121 -669 154 100 25
DA 0 0 -669 154 -190 100 25
DS -583 364 -787 615 100 25
DS -787 615 -615 787 100 25
DS -615 787 -364 583 100 25
DA 0 0 -364 583 -95 100 25
DS -263 635 -119 288 100 25
DA 0 0 -119 288 675 100 25
DA 0 0 -312 0 2474 100 25
DS 119 288 263 635 100 25
DA 0 0 263 635 -95 100 15
DS 364 583 615 787 100 15
DS 615 787 787 615 100 15
DS 787 615 583 364 100 15
DA 0 0 583 364 -190 100 15
DS 669 154 992 121 100 15
DS 992 121 992 -121 100 15
DS 992 -121 669 -154 100 15
DA 0 0 669 -154 -190 100 15
DS 583 -364 787 -615 100 15
DS 787 -615 615 -787 100 15
DS 615 -787 364 -583 100 15
DA 0 0 364 -583 -190 100 15
DS 154 -669 121 -992 100 15
DS 121 -992 -121 -992 100 15
DS -121 -992 -154 -669 100 15
DA 0 0 -154 -669 -190 100 15
DS -364 -583 -615 -787 100 15
DS -615 -787 -787 -615 100 15
DS -787 -615 -583 -364 100 15
DA 0 0 -583 -364 -190 100 15
DS -669 -154 -992 -121 100 15
DS -992 -121 -992 121 100 15
DS -992 121 -669 154 100 15
DA 0 0 -669 154 -190 100 15
DS -583 364 -787 615 100 15
DS -787 615 -615 787 100 15
DS -615 787 -364 583 100 15
DA 0 0 -364 583 -95 100 15
DS -263 635 -119 288 100 15
DA 0 0 -119 288 675 100 15
DA 0 0 -312 0 2474 100 15
DS 119 288 263 635 100 15
$EndMODULE OSHWLOGO_TOP_0.2
$MODULE OSHWLOGO_TOL_0.2
Po 0 0 0 15 00000000 00000000 ~~
Li OSHWLOGO_TOL_0.2
Sc 00000000
Op 0 0 0
T0 0 0 0 0 0 0 N I 25 "ref**"
T1 0 0 0 0 0 0 N I 26 "val**"
DA 0 0 263 635 -95 100 25
DS 364 583 615 787 100 25
DS 615 787 787 615 100 25
DS 787 615 583 364 100 25
DA 0 0 583 364 -190 100 25
DS 669 154 992 121 100 25
DS 992 121 992 -121 100 25
DS 992 -121 669 -154 100 25
DA 0 0 669 -154 -190 100 25
DS 583 -364 787 -615 100 25
DS 787 -615 615 -787 100 25
DS 615 -787 364 -583 100 25
DA 0 0 364 -583 -190 100 25
DS 154 -669 121 -992 100 25
DS 121 -992 -121 -992 100 25
DS -121 -992 -154 -669 100 25
DA 0 0 -154 -669 -190 100 25
DS -364 -583 -615 -787 100 25
DS -615 -787 -787 -615 100 25
DS -787 -615 -583 -364 100 25
DA 0 0 -583 -364 -190 100 25
DS -669 -154 -992 -121 100 25
DS -992 -121 -992 121 100 25
DS -992 121 -669 154 100 25
DA 0 0 -669 154 -190 100 25
DS -583 364 -787 615 100 25
DS -787 615 -615 787 100 25
DS -615 787 -364 583 100 25
DA 0 0 -364 583 -95 100 25
DS -263 635 -119 288 100 25
DA 0 0 -119 288 675 100 25
DA 0 0 -312 0 2474 100 25
DS 119 288 263 635 100 25
DA 0 0 263 635 -95 100 25
DS 364 583 615 787 100 25
DS 615 787 787 615 100 25
DS 787 615 583 364 100 25
DA 0 0 583 364 -190 100 25
DS 669 154 992 121 100 25
DS 992 121 992 -121 100 25
DS 992 -121 669 -154 100 25
DA 0 0 669 -154 -190 100 25
DS 583 -364 787 -615 100 25
DS 787 -615 615 -787 100 25
DS 615 -787 364 -583 100 25
DA 0 0 364 -583 -190 100 25
DS 154 -669 121 -992 100 25
DS 121 -992 -121 -992 100 25
DS -121 -992 -154 -669 100 25
DA 0 0 -154 -669 -190 100 25
DS -364 -583 -615 -787 100 25
DS -615 -787 -787 -615 100 25
DS -787 -615 -583 -364 100 25
DA 0 0 -583 -364 -190 100 25
DS -669 -154 -992 -121 100 25
DS -992 -121 -992 121 100 25
DS -992 121 -669 154 100 25
DA 0 0 -669 154 -190 100 25
DS -583 364 -787 615 100 25
DS -787 615 -615 787 100 25
DS -615 787 -364 583 100 25
DA 0 0 -364 583 -95 100 25
DS -263 635 -119 288 100 25
DA 0 0 -119 288 675 100 25
DA 0 0 -312 0 2474 100 25
DS 119 288 263 635 100 25
$EndMODULE OSHWLOGO_TOL_0.2
$EndLIBRARY

